499 -15.0 0.0 -40.0 0.90
498 -15.0 0.0 -40.0 0.90
609 -15.0 0.0 -40.0 0.90
524 -15.0 0.0 -40.0 0.90
532 -15.0 0.0 -40.0 0.90
578 -15.0 0.0 -40.0 0.90
486 -15.0 0.0 -40.0 0.90
406 -15.0 0.0 -40.0 0.90
573 -15.0 0.0 -40.0 0.90
455 -15.0 0.0 -40.0 0.90
588 -15.0 0.0 -40.0 0.90
403 -15.0 0.0 -40.0 0.90
423 -15.0 0.0 -40.0 0.90
414 -15.0 0.0 -40.0 0.90
443 -15.0 0.0 -40.0 0.90
515 -15.0 0.0 -40.0 0.90
514 -15.0 0.0 -40.0 0.90
531 -15.0 0.0 -40.0 0.90
610 -15.0 0.0 -40.0 0.90
456 -15.0 0.0 -40.0 0.90
